8174698361500909
4268149746588241
2181294680943325
4277522110626776
2278089990460444
5575433217278644
5254018881270220
2895329506351326
7827613273347585
5107438618923265
3112428292111447
5181137185732034
5831747414176240
7230020091340213
1715321609418666
5475289961984380
5710619588756343
6752653128946299
6651171637409912
1126540830937690
4294162144027440
7540033058573072
7693205177599868
6642359233883517
7340655631697293
8285893862370130
3945957134849834
3454531626398117
1467478170753167
7345901774228702
4376167971624493
3565167166755197
7455977354073641
7832859415878993
2739936840477976
7234706273359481
3005965046708406
4736362660161462
1931004902307120
5826501271644832
6053236810108242
7817899264014751
3831755333497767
8165544312680216
1840015695833550
6053018494890400
6284221900155236
3815675260609244
5595857826892136
1116048545874873
8502697076282865
2857903922840864
3604678149740059
6525917590482889
2770075459424302
2151716022509140
1693777078780893
4967006104914157
7475842003174993
8295266226408665
5173354428432211
2071219101098386
3065566471918771
4014537599547328
1573987489603120
8994900860464564
4181846722133938
1106334536542039
3126532911616162
4633454400499588
6284440215373078
3579785673325141
6641799273371377
3715313690097139
8900912831414457
8633757226253437
4172692673313245
7466687954354299
5576771453520767
5707053327761357
5233812586874570
3059966866797366
3342776165016756
2408030219406736
6636771446057811
8983848614889607
3585031815856549
1105556260812057
2745182983009384
5354940412294466
8795989980786295
6501025114067971
4282444331239139
5716425691799892
4997144723860483
4167446530781837
4871890676933460
7933562631685397
7330941622364460
6510179162888664
2910365348154946
2192906887030423
3232700585171816
8184630686051585
2885957142312790
6732228519332807
3002398785713419
5937915087731894
8385477157152253
5460111494902296
4866862849619894
6510397478106506
8738026703054828
4172474358095403
8044416487260319
1592513902462349
7535324192704098
8980282353894621
2913781801097931
6143447740851830
3218082078601873
3474177960281627
4042192483854813
2534404187358040
6511517399130787
4626287080316522
4635659444355057
6988324401012561
1708955545862977
7596969828594889
6978610391679727
6868534811834787
8858034607450443
6531723693526437
4399769857070954
5821815089625564
2638673664159431
5104432318440419
7697417334515316
7461441811822891
7642772757022816
5243526596207403
1684623029960200
1342784084338284
2318160933957446
1336977981294735
3011771149751955
3930778667767750
4414170048423055
2528939729608790
2650067555028687
6626839121507135
7639356304079831
3710845823295713
3016457331771222
6154499986426787
7929654725396112
1506040208063870
1921072577756444
4756568954557112
2643701491472998
7083999789505399
6731668558820666
8801589585907699
2272843847929036
5454523707076589
8744392766610517
5942382954533320
8401433899964320
1004853045005653
1357402590908227
8854051011221780
2774761641443570
1950651236190630
9216171941178725
5817907183336279
7230238406558055
7566831209648563
5596417787404276
3981058141775879
6752434813728457
9962589566971001
1473844234308856
6983296573698995
1814003298394351
1588947641467362
5952875239596136
1482438322617409
3926870761478465
8747959027605504
2407811904188894
7586477543532073
6409475947082260
6345553619738322
5107780264217564
2760143134873626
6635993170327828
1810437037399364
2302422506363222
6299400367237320
3494602569895119
2414177967744583
4298848326046707
2740496800990117
5466135913163687
6168558532484590
5099186175909011
4289694277226014
1959211068347969
7948741098767481
8280647719838722
4755667348750673
6289468042686644
7235826194383762
8752986854919070
3117160547577627
5354722097076624
1820369361950040
8144559742554583
3689861253170080
7319889376789503
6042744525045426
4524463943485837
6872442718124073
3931338628279891
9099511982560254
8281425995568704
8646388462143874
2062065052277692
4655305778238567
1825055543969307
8848662243411908
5453963746564449
3700913498745037
6395635716242299
8517315582852808
8275401577307314
5465575952651546
5325139099253051
6164432310977463
2886175457530632
1579233632134528
8858594567962584
2755675268072201
8651988067265279
2966243226412012
1231588583469063
1950091275678489
5480536104515788
8048324393549605
7356052413997219
1453419624695364
5514694753139079
4303534508065975
5465917597945845
3097514213694117
7687180759338477
9904528536535515
4635099483842917
7929094764883972
6486095686422472
1593073862974489
3584813500638707
2291930221300406
8753546815431210
1363208693951776
8165325997462374
1231930228763362
5581239320322193
5175537580610630
7798034614913399
1593633823486629
5474730001472240
8704449492579360
4876576858952727
8989654717933156
7335627804383727
9114690449642338
6591061930944515
8049102669279587
6399761937749426
1936251044838528
1809609549705548
5917490478118402
7461223496605049
7239952415890889
7446263344740807
1016465251092750
7340095671185153
8170790455211624
3812108999614258
4887069144015544
1589507601979502
1583919814153796
6386815834809594
2879591078757101
4530611691823684
4179058736868934
3584253540126566
9090917894251701
6309892652300136
2503487292681732
2543558236178734
9954806809671177
5364094461115159
5278277279060374
2428236513802386
1960583560741305
4042752444366953
6043304485557566
3444039341335301
8033924202197503
5355500372806606
6179610778059547
8758232997450478
7088537512561518
6982736613186854
7807406978951935
6757120995747725
4746294984712138
8069308963675237
7928316489153989
9221978044222273
3024304256847498
1121294688406281
8531155813692769
4504599294384485
6747406986414891
1695115315023016
3469150132968061
7008749010626053
6863288669303379
4052466453699787
7089245932036807
7119944511495274
7230798367070196
7934682552709678
8632637305229156
5791676470679238
8989436402715314
6641457628077078
5817128907606296
4068204881294012
8269813789481607
3458439532687402
1577895395892405
7697673044401294
7939027089434647
8260441425443072
5214507898285358
4887287459233386
7944054916748214
3820921403140653
2070659140586245
1114928624850592
6746847025902750
6489555533259338
6173586359798156
5812661040804871
4408923905891647
4934084448784221
5107220303705423
5591389960090710
8401215584746478
3569293388262324
6863848629815520
8512069440321400
7114138408451725
5383200129688536
2764180282455511
8752645209624771
4656425699262848
6656977740453461
3957009380424791
8657529781644074
3247660737036058
3942390873854848
9752743865714676
7575985258469257
1604686069061586
4620480977272973
4163880269786850
4283669858964623
6275627811846683
6530603772502156
2919381406219336
3564047245730916
4982184571996241
2863503527962269
8145119703066724
4278642031651057
8265687567974480
2754896992342218
5932668945200486
4756227309262813
1946183369389204
7450731211542233
6032812200494750
4283109898452483
3841127697536303
7099178256587483
3449285483866709
8274841616795173
2635107403164445
8040290265753192
2181854641455466
5921958344919828
4992116896546917
8995460820976705
6630965343014262
8517875543364948
2765047632110736
5701807185229948
2417184268227429
8632978950523454
1583701498935954
6531382048232139
5223661947106052
2866310808429281
8633197265741296
8526469631673501
1935691084326388
6017477484495704
3951203277381243
7711731590459097
3946517095361975
2539432014671606
3252906879567466
7450949526760075
7742096002529574
5098066254884730
8964543926300396
1951211196702770
3001838825201279
6651731597922053
1487684465148817
3936243125517000
9863266321464243
2292148536518247
3820703087922811
3936024810299159
1468038131265307
7109452226432457
7460663536092909
2750429125540792
6039309006279892
1936032729620686
4520337721978710
7818800869821190
5471163740477253
3831195372985627
2865750847917140
7335067843871587
2634547442652304
4577458349285543
8064062821143829
1766164182455857
8863062434764010
5600544008911404
6887061224694016
2172140632122632
9125182734705154
6158407892716072
3117720508089767
4163320309274709
8511509479809259
8606966553084256
3458999493199543
5445151343038054
4288574356201733
4630413301823649
2635667363676585
3594185864677242
4283328213670325
7938808774216806
3826509190966359
1709515506375118
6095305057493937
4990080499998266
6395075755730158
1714761648906526
3333963761490361
2816641707769592
7341433907427276
6621592978975727
4650059635707159
6174364635528138
2975826427762080
8647597457093398
3816016905903543
7355834098779377
1462791988733899
8149805885085992
8286453822882270
6622152939487867
6516203581150055
5113586367261112
3589499682657975
5455083667588730
8502137115770724
3957569340936932
1482998283129549
5591171644872868
1468598091777448
3353610095373871
7340873946915135
2981072570293488
8185750607075866
2061286776547710
4665798063301383
1689309211979468
7797256339183417
5590051723848587
9000488648290271
8999368727265990
6646485455390645
2644261451985138
3927430721990606
2408371864701034
4273955849631789
8874674640851107
3368788562455955
3569853348774465
4057152635719055
8642911275074130
8160298170148808
8641791354049849
8863280749981852
6862728708791239
4760913491282081
3237946727703224
4877136819464868
2276970069436163
4276844726117735
5344448127231650
8045536408284600
4302974547553835
6235031163988755
9220858123197992
1342224123826143
7577323494711380
2649507594516546
4304094468578115
4052684768917629
1757148124391467
5007637008923300
5450957446081603
4865742928595613
9956989961849596
7692645217087727
2533065951115917
8170230494699484
2523911902295224
7597529789107030
1945965054171362
9210365838135176
4644813493175751
6530817748330610
8059376639124562
7350027995735829
5832307374688380
2649725909734388
1245988774821165
8159178249124527
1015345330068469
8874114680338966
8039730305241052
7460881851310751
1854288217719806
4525365549292276
4525023903997977
3599432007208650
7229460130828073
4871549031639161
6304646509768728
4168006491293977
8044976447772460
3342557849798914
4178280461138951
5937696772514052
5586143817559302
7209253836432423
1940377266345655
5474170040960099
2399217815880341
3825949230454219
2171362356392650
8537521877248458
3231922309441834
5133451016362464
6178272541817424
4745735024199997
4182406682646079
8743832806098376
8627172847479906
2172482277416930
2291370260788265
2166894489591224
5103872357928278
2055480673504161
3111914405046218
4987430714527649
7093932114056075
6399543622531584
6525357629970748
2162208307571956
3101640435201244
2880710999781382
1125980870425549
2167454450103364
5802168755742054
4978058350489114
4047998586898362
6173026399286016
1583141538423813
4074781782161233
7572077352179971
1225782480425514
7350806271465811
6163654035247480
5113244721966814
9898928931414111
3468931817750219
5118272549280380
4178840421651092
5340321905724522
5681600890834298
5806294977249182
2041640442664200
8790390375664890
7098959941369641
1216410116386979
1005631320735635
4298288365534567
4020137204668733
5937136812001912
6656417779941320
1000726823498525
1336418020782595
3339209904021769
7824047012352598
5274860826117388
5093380072865462
2982192491317769
6506271256599379
4152828024211893
8054908772323136
8884606965401783
2855818523366464
8386815393394376
6772859423341949
5797482573722787
7701799265908421
6997696765051096
2991004894844164
8748518988117644
6310452612812277
3113252641288341
5479976144003648
8710049097700764
1829523410770733
8170572139993782
4278082071138917
4891195365522671
1826175464993588
5233594271656728
3001497179906980
1237954647024752
7562145027629296
6042184564533285
6294714185218053
1568741347071712
7812653121483343
7591163725551341
2413058046720302
2050452846190595
8049444314573886
2046886585195608
7818240909309050
1574547450115260
2177168459436198
4752101087755686
1246548735333305
4173252633825385
1603566148037305
1944845133147081
2991564855356304
4630973262335790
5585365541829320
1357744236202526
1699801497042284
4187652825177487
7893880673350414
6546342200096381
8164984352168075
9111124188647351
4640687271668624
3349142228572445
5943161230263302
6636553130839969
1136473155488365
3689301292657940
3131779054147570
1804630934355815
8994122584734582
4158074166743301
4052844096144730
5223880262323894
3714753729584998
2402784076875328
8421640194359970
5244646517231684
3936803086029141
4650619596219299
7749878759829398
2166334529079083
7229678446045915
6631525303526403
7340313986402995
2745742943521525
8385695472370095
1472505998066733
2398657855368200
2760921410603609
6430099635208427
7823487051840458
8758451312668320
8391501575413644
2061846737059850
4767279554837770
5218634119792486
1694555354510876
1703709403331569
7828173233859725
7919722400845436
6987764440500420
6275067851334543
7908670155270480
3584471855344408
7481088145706401
7833419376391134
6973924209660459
1236834726000471
3112692680776201
1807426397527130
1000385178204227
4389837532520278
2960643621290608
5343888166719509
6630140993837368
8159738209636667
8054130496593153
1724693973457202
7938248813704665
6339954014616917
5103312397416138
8155052027617400
3590619603682256
6164213995759621
7687399074556319
2191786966006142
8164424391655935
6647605376414926
2518665759763816
3951763237893383
4518999485736587
8618018798659212
2901135609394874
2413618007232442
6871882757611932
5123076155296549
9221418083710133
4288916001496032
4053244729429770
5570187074747236
1799384791824407
6877907175873323
2187100783986874
4178498776356793
3937363046541281
7210373757456704
5702025500447790
7479328141490053
6068756922484625
1925758759775712
6073473535709749
4153387984724034
5821255129113424
6269821708803135
6766493359786260
7571517391667831
3590837918900097
1357184275690385
3695449040995787
8994636471799811
5580679359810052
5822033404843406
8850634558278795
5107998579435405
1951429511920612
5942942915045460
6033372161006890
2908182195976527
2061505091765552
9200993474096641
6636211485545670
7388248387752233
5492863231354891
5811322804562748
4414730008935196
6751874853216317
4776433603658464
2962826773469027
7913916297801888
5943721190775443
1112140639585588
8290020083877257
6767613280810541
1452859664183223
6756779350453426
7224432303514507
3916378476415649
3593625904165102
4061838817738323
5820695168601283
3453411705373836
2870218714718566
2524471862807364
4524805588780135
3705941326058603
4766501279107788
7002942907582504
7817680948796909
3343896086041037
7452069447784356
4192898967708895
6381216229688190
3018704651726094
5807414898273462
8859154528474724
9902345384357096
7577105179493538
4398991581340971
6577679568523287
1463133634028198
1940718911639954
3127092872128302
6878467136385463
1347470266357551
7581791361512805
8868868537807558
4751541127243546
2171922316904790
2780567744487118
6762585453496975
8884825280619624
1760564577334453
7219746121495239
2171580671610491
6431494502823852
6284781860667377
4882382961996276
6642017588589219
2402224116363187
7456195669291483
7928534804371831
8622704980678480
2865190887405000
2292490181812546
7585917583019933
5002390866391892
7119602866200975
4393745438809563
1120734727894141
1356624315178245
4378785286945321
3710067547565731
1478312101110282
2645039727715120
4625727119804382
4761255136576380
1819591086220057
3810770763372135
6516763541662195
6520329802657182
7486334288237809
4520119406760868
7822927091328317
1240742632289756
5817347222824138
8034484162709644
9215611980666584
6867756536104805
7360520280798645
6400881858773707
5722231794843441
3489356427363711
8743272845586236
5555226922882994
7465909678624317
3705381365546463
5715865731287752
7582351322024946
8637105172030582
7109110581138159
5081813940225276
1867670580141034
5958121382127544
5927764447963376
2870996990448548
4876795174170569
5233034311144587
2180734720431185
1563495204540303
4393963754027405
2759801489579328
4988550635551930
8415834091316421
6405349725575133
1729940115988610
6280313993865951
7697331399106995
8285552217075831
6535289954521424
2750989086052933
8295826186920806
1459225727738912
3821481363652793
3091708110650568
8738586663566968
5700687264205668
7224213988296665
3706501286570744
4294722104539580
1096402211991364
7235266233871621
2780007783974978
3479424102813035
1237176371294770
4519217800954429
4047438626386221
3453971665885977
7576545218981397
8747399067093363
1361870457709653
5933010590494785
6767831596028383
6892867327737565
7582569637242788
8989094757421016
3473617999769486
6068196961972484
1930444941794979
7567391170160704
2533625911628058
8942175046485730
1352156448376819
6495778971536563
6650611676897772
7350587956247969
6954713888349240
1593852138704471
3127652832640443
6641239312859236
4288356040983891
4027919961968556
1348590187381832
8511291164591418
8296386147432946
3931898588792031
4882942922508416
2880929314999224
4545230198393627
7466469639136458
8863840710493992
5927982763181218
5918050438630543
1820151046732198
5388799734809941
9095604076270969
3835881555004895
8395627796920771
1704487679061551
8906512436535862
8048884354061745
8648157417605538
3870535686026312
7120162826713115
5817688868118437
8752426894406929
5706493367249216
8884047004889642
2659439919067222
3242974555016791
3700135223015055
6883494963699029
2512859656720267
5570405389965078
6038618303538299
4121643602353910
1127100791449830
5349694269763058
3217522118089732
6753213089458439
1815123219418632
7094492074568215
8984750220696046
3122625005326877
2422990371270978
5806854937761322
2986878673337037
9216731901690865
8511851125103558
2046326624683468
3468371857238078
1714201688394385
3092268071162709
5812101080292730
9206239616628049
6385143431179482
6279535718135969
2639233624671572
1814563258906491
2524253547589523
4997922999590466
6274507890822402
2011672493662050
5482523375195294
6039178264050439
3956449419912651
4997704684372624
3599991967720791
7798594575425540
4077577245332547
4761473451794221
3690421213682221
7239392455378749
5695659436892101
3478864142300894
5534984800509376
3348022307548164
4062398778250463
4997363039078325
6983856534211135
1935472769108546
7481972028137587
7118824590470993
7334849528653745
3243534515528931
4615234834741565
4766719594325630
4655865738750708
3112132720264060
8536961916736318
1362990378733934
4166322270368168
3700353538232897
6390949534223031
6229431558867350
6410035907594400
3719999872116406
5223320301811753
5590611684360728
4987990675039790
8400873939452179
1337537941806875
5228908089637460
6505151335575098
4635441129137216
6414722089613668
1357962551420368
3936584770811299
7325695479833051
4745516708982155
6406128001305115
4400329817583094
7010709939563285
5358848318583751
5686287072853566
1936811005350669
1598320005505897
8407240003007868
6994348819273951
6188764826880240
1116266861092715
5224440222836034
4525583864510118
7345341813716561
4740488881668589
4037506301835545
6400663543555865
3464245635730951
6298840406725180
5327322251431469
4534737913330811
6882935003186889
7576763534199239
4046660350656239
3011211189239814
4173034318607543
4982744532508382
7707605368951969
5584805581317179
9110004267623070
5692653136409255
8873773035044668
7687959035068460
1578455356404546
3328157658446812
3368228601943814
4067644920781871
4981966256778399
4268709707100381
3238288372997523
8517097267634966
6486139080316352
4168348136588276
8527247907403484
8412267830321435
5112466446236831
6989102676742543
7592494483887154
7677466750005643
5349475954545216
5012323190942567
7702359226420561
5580337714515754
2393971673348933
8290798359607240
2990444934332023
4992458541841216
3922997111340393
6439277260123675
2539650329889448
5354162136564484
7576203573687099
8749128160593618
8179944504032318
4032260159304137
2529499690120931
4516211500471582
3348582268060305
3362982459412406
9195187371053092
7471715781667866
3790564468976485
8400655624234337
5219194080304626
6761807177766992
6151301108707982
8994682545246722
9110564228135211
3937144731323439
2403344037387468
2513419617232408
5003169142121874
2060726816035569
5916930517606262
4524245628267995
5103094082198296
9106096361333785
1688749251467327
9105536400821644
7451509487272215
6047772352358992
7582009676730647
7219186160983098
7691817729393912
1478872061622422
3715873650609279
7708383644681952
1241302592801897
8296604462650788
1709733821592960
7934122592197538
7093372153543934
5570690804353124
8753765130649052
2528598084314492
1710286304198790
7807966939464075
2650285870246529
7692426901869886
1247108695845445
8863622395276150
9105318085603802
2423550331783118
6053578455402541
8405901766765746
8179384543520177
9215393665448742
6058824597933949
8275619892525156
1700361457554424
5208701795241810
7788957822722251
5696219397404242
3369348522968095
2861064665897873
6408915986570119
3479984063325175
2981632530805629
6048550628088974
3237168451973242
2759583174361486
4414948324153038
3931556943497733
3017017292283363
1226342440937655
2519225720275956
4271245120996330
2658879958555082
2051012806702735
4891755326034811
4404797684384520
3005405086196265
2648947634004406
3590277958387957
1347251951139709
4125060055296895
5134010976874604
6164992271489603
4171921875489572
5691533215384974
7561585067117155
2921564558397754
6390389573710891
8869086853025400
6526135905700731
5691314900167132
1825397189263606
2538872054159466
9125742695217295
7813213081995483
4515651539959442
9949207204549773
6179392462841705
5476923770073890
2629301300120896
8053570536081013
8740112102529228
8762919179469746
1835329513814282
5465015992139406
7445703384228667
7446309418187719
3354170055886011
8496331012727175
7224773948808805
8798173132964713
3118027897232852
3233260545683957
8516537307122826
6149253843895379
1715885909320195
6174146320310297
2655313697560095
4038066262347686
4409142221109489
6280873954378091
1703927718549411
6158626207933914
3474396275499469
7113578447939585
6857482566259831
3685735031662953
2056600594528442
4047220311168379
6993570543543969
2891203284844199
6520889763169322
8054690457105294
2156962165040548
4080381387282637
8164766036950234
3710627508077871
2765949237917175
2996251037375572
4177720500626811
4881823001484136
1222776179942668
6979170352191867
3223328221133281
6968678067129051
8999928687778130
1819809401437899
6531163733014297
9100290258290236
4892315286546952
8974476250851072
5229468050149600
8507383258302132
9951390356728192
4046878665874081
1718887870413653
8975036211363213
1605363453570628
3347803992330322
7923070346622581
5811541119780590
7244638597910157
1825615504481448
7596409868082749
2976386388274220
8407021687790026
8622145020166340
4289134316713873
8496890973239316
3701473459257178
6869094772346928
1237394686512612
6178832502329564
3233042230466115
9104758125091662
7123510772490260
3353268450079572
7556898885097888
9090357933739560
7465349718112177
6973364249148319
6290028003198785
7686839114044179
4530051731311543
1105774576029899
3458657847905244
7841419248036332
7218626200470958
5348915994033076
5922176660137670
7066705990777330
4539984055862219
5233598611046116
1813026002648534
1859887822841211
7747695607650979
2996592682669871
5329829620661706
3348923913354603
2166116213861241
4027014016772729
1121513003624123
2282776172479712
4409702181621629
6647045415902785
7098618296075342
5721671834331300
7009308971138193
1689869172491608
4157295891013319
5333737526950992
2876024817762115
5229126404855302
6159186168446054
7689634577215493
1610963058692032
3709507587053590
6515985265932213
2186540823474733
1100528433498491
3363542419924547
6433677655002271
5827061232156972
6288908082174504
7331501582876600
4022320356847152
4972812207957706
3575099491305873
7457315590315764
1473284273796715
3001278864689138
8995242505758863
6295274145730193
7215059939475971
6385703391691623
9099730297778096
5696561042698540
8767605361489013
4515091579447301
3825389269942078
3821263048434951
8521783449654234
1473625919091014
5932108984688346
3227454442640408
6887621185206157
8758792957962619
6285000175885219
5218074159280345
4877915095194850
4419416190954463
2523693587077382
1015905290580609
2996032722157730
3343117810311055
1327045656744059
7245198558422297
4640905586886466
1834769553302141
5450397485569462
3695667356213629
2629861260633036
8979722393382480
4634881168625075
3121286769084754
4996584763348343
1232148543981203
1467819816047465
3238506688215365
7003502868094645
4545790158905768
2644821412497278
7570957431155691
5459769849607998
3801616714551441
1211723934367711
7129316875533809
4413610087910915
5575651532496486
1236616410782629
2413836322450284
1458105806714631
8270933710505888
4629853341311509
6872661033341914
6375616624566785
3102200395713384
9119376631661606
4886509183503403
6169460138291029
8864400671006132
2760703095385767
2056258949234144
3575659451818013
8532275734717050
9114130489130197
8878800862358234
6062390858928936
4419976151466604
9221199768492291
4158634127255442
8792573527843309
7591723686063481
5127644913318915
9084551830696012
8947774651607134
1252354838376854
8059936599636702
2422430410758837
5923296581161951
3459217808417385
1251794877864713
7471155821155725
7672220607474235
3339769864533910
9100071943072394
1824837228751466
5922736620649810
3237728412485383
4056592675206915
2876243132979956
8698849887457955
1211163973855571
1010659148049201
1799944752336548
2871556950960689
5332921856552874
2166676174373382
7099738217099623
2634329127434462
4218783695682249
5681040930322158
7460103575580769
4539424095350079
5701465539935650
8290580044389398
1010099187537061
6281892984181432
4519559446248727
8652283639112666
7797474654401259
7923630307134722
2055698988722003
1101088394010631
2654753737047954
6873002678636213
7114356723669567
3695107395701489
2525031823319505
1226902401449795
5128675760417953
3570413309286605
7695234182336898
5324583478130298
3328717618958953
2288022315011120
7209813796944563
2639575269965870
1367116600241061
2056040634016302
7681592971512771
5203455652710402
6062950819441076
2769515498912162
1362430418221793
6772299462829809
6521231408463621
6862510393573397
6968118106616911
5585583857047162
2518447444545974
8637665132542722
5092820112353322
5570965350477218
6394515795218018
3227796087934707
1222216219430528
4760695176064239
1693995393998735
1578113711110247
8973697975121090
1840575656345690
2282216211967572
1115706900580575
5796922613210646
2051354451997034
1945405093659222
2509293395725280
2769779887576915
8270373749993747
6867974851322647
4224383300803653
5186736790853439
2413276361938144
8762359218957605
8893979329440318
2041080482152060
4645591768905733
3459777768929525
6163872350465322
7923288661840423
2538312093647326
5566279168457950
5943502875557601
3127871147858285
8054348811810995
3348363952842463
8275059932013015
3101080474689104
2428796474314526
7686620798826337
5134275365539358
6877688860655481
3222768260621140
3996848044930685
8507943218814273
2996810997887712
5928542723693359
4424102372973731
7812434806265501
1237736331806910
2288582275523261
5223101986593911
2297736324343954
3569075073044483
6762367138279133
7919162440333296
6289686357904486
2504047253193872
8643129590291972
7361080241310786
4746854945224278
7708165329464110
2267597705397628
5355282057588765
1025837615131285
1810996997911504
1115488585362733
4856930525069218
6767053320298401
2277530029948304
3590059643170115
7104424399118891
8632418990011314
1583359853641655
7556338924585747
2056818909746284
1588605996173063
4174105027667991
4509845436915893
2870778675230706
5952315279083996
7717537693502645
7591320243918142
8276179853037296
4770627500614915
5465357637433704
4519777761466569
5122958731299648
7545632663694477
5113026406748972
7603693694129963
6033932121519031
3338649943509629
8869646813537541
2906381751926282
7119384550983133
2880151039269242
5470043819452972
6058264637421808
5334515802680974
8733340521035560
1657824878884709
4160722665246763
8773971425044702
7355274138267237
5711179549268484
4394523714539545
1924638838751431
2172700592634772
8883487044377502
4297728405022426
3826167545672061
5802728716254195
4641465547398606
3357736316880998
7098399980857501
5561033025926542
4993018502353356
8305758511471482
4877355134682710
4741608802692870
7456755629803624
2297954639561796
4767061239619928
2754337031830078
5330738704374455
5001830905879751
4885949222991263
1906749643033888
3916938436927789
6988542716230403
8988876442203174
8984408575401748
1353058054183258
7942934995723933
6184078644860972
1805750855380096
2307108688382489
8759011273180460
9120496552685886
6405568040792975
4534177952818671
5128204873831056
8773411464532562
3975458536654475
2297176363831814
5701247224717808
5339761945212382
8637323487248424
2915964953276350
5460329810120138
6988884361524701
4741048842180729
2387605609793244
9119936592173746
1721485514441599
8522343410166374
8150365845598132
3826727506184201
1599763848449223
1352498093671118
5687406993877847
9096164036783109
5444591382525914
8627391162697748
6994130504056109
4408363945379507
4505159254896626
6621033018463586
3805742936058569
5696001082186400
8637883447760564
2765389277405034
9857666716342838
6290246318416627
2292708497030388
1372362742772469
6269261748290994
8853908385943316
6491738685437757
4403896078578081
1141719298019773
6283880254860938
5002950826904032
2287803999793278
4067084960269731
3106668262514810
8842851800978971
7230580051852354
1111580679073447
6878248821167621
6437094107945257
6405909686087273
3811549039102117
4299066641264549
1004293084493512
4283888174182465
4409483866403788
8155611988129540
1468379776559606
7819019185039032
3232482269953974
1231370268251221
5947069136552588
8522903370678515
1604126108549446
2891763245356339
3357176356368858
4069182177039828
5470603779965112
6641340204080177
5548859282568936
6583279173644691
7648372362144221
8406461727277886
2781127704999259
5692093175897115
2281997896749730
3112474365558359
2392851752324652
5696779357916382
5424462344759809
2283336132991852
3810989078589977
4862176667600626
2302982466875362
3226894482128268
7320449337301643
8185190646563726
7487571633258991
7590311331708735
8406680042495728
1458665767226772
8044198172042478
1332851759787608
1342005808608301
3921624618947057
6063510779953216
4404237723872379
8642351314561990
8745711707650632
4636219404867198
4765941318595647
6184638605373113
1005413005517793
6742720804395623
8531715774204910
6048332312871132
6047990667576834
1584479774665936
2414396282962425
2755115307560060
5464797676921564
7682712892537052
6483955928137933
2312914791426038
8848451406100376
5364654421627300
6510957438618647
1467259855535325
3333403800978221
6054356731132523
8029797980690376
5585925502341460
9115468725372320
6541096057564973
7598094089008558
2162768268084097
2971842831533417
8854468346455457
7812994766777641
3700695183527195
3464463950948793
4152268063699753
8636545211518441
2890643324332058
4057370950936897
4856370564557077
1828963450258593
8627951123209888
3680488889131545
3223888181645421
2870437029936408
2775321601955710
7928876449666130
1930226626577138
7684034972094089
6400103583043725
8527029592185642
5229686365367442
3002057140419121
7698233004913434
6415282050125808
2408590179918876
8174138400988769
7803280757444808
3579225712813000
5122398770787507
2768955538400021
1663424484006114
6635740598958773
9004614869797398
1865487427962615
4871330716421319
2047446545707749
4293602183515299
5328709699637425
6400321898261566
1598879966018038
1941278872152094
1925198799263571
7104206083901049
4066999024861410
6998256725563237
5108558539947546
4866302889107753
1815209154826953
6059384558446089
9115250410154478
8038952029511069
8878240901846094
4645373453687891
6421088153169357
5377600524567132
9104976440309504
5329269660149566
3472233791789872
2822241312890996
4872108992151302
8266247528486620
8416394051828562
4775873643146323
3589717997875816
4399209896558813
5046076551212311
3202343651007648
6531942008744279
6053796770620382
7682152932024911
2513979577744548
8396187757432912
7354714177755096
8973916290338932
1578673671622387
6993788858761811
7702577541638403
2885397181800650
3483550324320162
8049662629791728
7949301059279622
1901150037912483
1655641726706290
3465023911460933
5832867335200521
8164206076438093
1101648354522772
1130667052444817
8396529402727210
5912804296099134
5238840414188136
6054138415914681
9910128141656919
8170012179481642
8039170344728911
6873220993854055
6858042526771971
1699583181824442
3930996982985592
2067092879591258
7736496397408170
2177728419948339
2303542427387503
1825957149775746
7707045408439829
6379897288648074
5113804682478954
6877128900143340
1106894497054180
2192346926518282
1473065958578873
6168900177778888
5576211493008626
7008189050113913
2876803093492097
6497338290559161
9210925798647316
6279754033353810
7943494956236073
6630405382502122
6642577549101359
3122406690109035
8753205170136912
9009861012328806
8732780560523420
4157514206231161
3107446538244793
5239198216167520
1834209592790001
2974025983711836
1348030226869692
1708103152020371
5459551534390156
3002617100931261
9004054909285258
8768165322001154
3106886577732652
6419968232145076
3932116904009873
6746628710684909
2417744228739570
4188212785689627
8803772738086118
7908110194758339
1801826792405725
3806302896570709
7104984359631032
9220639807980150
1703149442819429
6737474661864215
5335075763193114
5344789772525948
3438793198803893
3564607206243057
4016720751725747
6898113470268973
9085111791208152
6588878778766096
2388165570305384
1955337418209897
1915266474712896
5118832509792520
5108340224729704
7537849906394654
7923848622352564
8856234163400199
2760361450091468
6505711296087238
8280866035056564
2176826814141900
5695441121674259
3121846729596894
6283661939643096
5008196969435440
5811882765074888
6987982755718262
2066532919079118
8421080233847829
3820143127410670
1704269363843710
7224992264026647
5280460431238793
5272677673938969
3927990682502746
3358296277393138
5238280453675995
4062617093468305
5213947937773218
4987212399309808
6420528192657217
6757680956259865
3528229843003917
7493171238380396
6752093168434159
2968426378590431
3679928928619405
9896745779235692
5267078068817565
3694889080483647
8516755622340668
7466127993842159
2534185872140198
2644479767202980
8411707869809294
3941830913342707
3222549945403299
3343336125528896
1462232028221759
6525218143209206
8386255432882236
5333955842168833
4072598629982814
8411147909297154
8628511083722029
1001286784010666
5244086556719544
9805205291028757
2754555347047920
2987438633849177
7818459224526892
4041632523342672
